[0, 0, 3902.0]
[657.6602262428455, 751.612911449172, 3851.393101645049]
[1315.3254887363692, 1503.2218953633028, 3800.7933209252383]
[1972.9827201011076, 2254.8368469669213, 3750.1778039412407]
[2630.643896601446, 3006.4490241508984, 3699.57234936417]
[3288.3049084970426, 3758.0615472860613, 3648.9698939014734]
[3945.9660623287555, 4509.673515887892, 3598.361046896026]
[4603.626128381211, 5261.286750275053, 3547.756863136679]
[5261.287092744615, 6012.8991264363285, 3497.151606949204]
[5918.947711003988, 6764.511831925754, 3446.5467441634637]
[6576.610207401495, 7516.1229609298725, 3395.9428748513897]
[7234.272786849953, 8267.734219989108, 3345.342016671009]
[7093.979874372861, 9254.985214233577, 3270.153100785722]
[7010.467276638408, 10250.387891924149, 3223.2581326218]
[7258.329279434919, 11217.884091547305, 3173.1030603772424]
[7810.128131631102, 12050.478285937705, 3125.0933302970366]
[8506.586458937765, 12766.3947595047, 3076.007678619553]
[9203.04954024879, 13482.30744503801, 3026.9342330177174]
[9899.508326655032, 14198.223196036473, 2977.8445568133307]
[10595.96544626574, 14914.140211166852, 2928.749669193906]
[11292.423713725617, 15630.056416979542, 2879.6592633945256]
[11988.88019373301, 16345.974702898002, 2830.573834362242]
[12685.337655146886, 17061.892097258762, 2781.489326698018]
[13381.798653026195, 17777.805142266498, 2732.391562790567]
[14078.255979145122, 18493.722617131996, 2683.3063096336186]
[14774.715348627104, 19209.63848052673, 2634.226545977559]
[15471.17885227095, 19925.549719544455, 2585.1379939491885]
[16167.636794255466, 20641.466383690924, 2536.0496547627067]
[16864.0961661024, 21357.38179195876, 2486.963286275416]
[17560.55871759688, 22073.294148456538, 2437.8775227629994]
[18448.977634392704, 22431.96464768723, 2271.8646093138013]
[19373.364530081515, 22066.17519449734, 2163.665981716937]
[20366.16560031112, 22022.03815528819, 2052.3198694327475]
[21364.508663580713, 22022.03815528819, 1994.7774674887605]
[22016.84167682518, 22779.11061706893, 1958.681381209956]
[22634.446672612547, 23564.837734114604, 1924.0841744211828]
[23235.303465817226, 24363.438445452226, 1889.327622365005]
[23836.163619402636, 25162.036522326038, 1854.5686314883617]
[24437.02324215216, 25960.63517488513, 1819.8136911186853]
[25037.881851968432, 26759.23441343979, 1785.0547039416313]
[25638.734048314196, 27557.83869865399, 1750.300800794128]
[26239.596975795517, 28356.434765264697, 1715.5435746031687]
[26840.45013541303, 29155.03815957835, 1680.7858536139952]
[27441.30369395455, 29953.64133145681, 1646.0299180970087]
[28042.15822645994, 30752.24393142933, 1611.2776795380237]
[28643.00714069052, 31550.85072825455, 1576.5247468202128]
[29513.695478593778, 32039.67773499552, 1522.2110678808958]
[30512.06806905023, 32039.67773499552, 1465.1832621606231]
[31453.040764051137, 32375.3719237601, 1421.8266145455]
[32234.80585595865, 32998.58979840175, 1400.783283364178]
[32768.33158983938, 33843.99817943033, 1375.584859332862]
[33109.03521017025, 34783.82417261956, 1350.12615513742]
[33449.753020133605, 35723.64515076526, 1324.6722161290795]
[33790.45233193675, 36663.47177685723, 1299.179240126866]
[34131.155223607406, 37603.29817933483, 1273.7258943100828]
[34471.85841382998, 38543.124525757616, 1248.2744750616228]
[34812.5600570982, 39482.95129242742, 1222.817866384854]
[35000.00000001141, 40000.00000000001, 1208.8158128897928]
